Noise	Error
0.01	0.4257914154193415
0.01	0.014239565980703403
0.01	0.014402100583455533
0.01	0.4257904975959604
0.01	0.01439943846898645
0.01	0.425791286078603
0.01	0.014398151906713057
0.01	0.014400274560852562
0.01	0.4257903566267437
0.01	0.42579130178655794
0.01	0.42579163346318555
0.01	0.014240440524754391
0.01	0.4257913964623534
0.01	0.014400874812847013
0.01	0.014401793671205759
0.01	0.014247944684491426
0.01	0.014401855108625036
0.01	0.014242897346532083
0.01	0.01427534518311359
0.01	0.01425187698001519
0.01	0.014246626409124932
0.01	0.42579002093543683
0.01	0.4257909008300626
0.01	0.014400072440060885
0.01	0.4257845275670484
0.01	0.014399866979884789
0.01	0.014399615335666109
0.01	0.42579090545921405
0.01	0.014399844160301278
0.01	0.014402507308062288
0.01	0.014402219072891253
0.01	0.014400782161720934
0.01	0.014402166097213582
0.01	0.014400523157063791
0.01	0.014401936762712043
0.01	0.01439985528095785
0.01	0.014400740330754079
0.01	0.014344522892538734
0.01	0.01439981559172662
0.01	0.014269504717593973
0.01	0.4257896417480219
0.01	0.01440167138605246
0.01	0.4257906082195815
0.01	0.014345225274142713
0.01	0.014400682860077884
0.01	0.4257907516901985
0.01	0.014399993850486568
0.01	0.014401652052070842
0.01	0.014401955912125517
0.01	0.014278237507913353
0.01	0.014238115185748417
0.01	0.42578708037108776
0.01	0.014401825914513167
0.01	0.014399959417956848
0.01	0.014248791395615882
0.01	0.014260323395802868
0.01	0.014400667612183898
0.01	0.014250438160508978
0.01	0.4257907738579681
0.01	0.01427536248735563
0.01	0.42579149996462357
0.01	0.4257904409568216
0.01	0.425791356807201
0.01	0.014400001646555112
0.01	0.014399818479351628
0.01	0.014246734588190259
0.01	0.014248167481519684
0.01	0.014402495135183416
0.01	0.014339206566415316
0.01	0.014253356370271917
0.01	0.4257903978716568
0.01	0.4257915795163939
0.01	0.014401941621578688
0.01	0.014252358650023049
0.01	0.014399802010510552
0.01	0.42579118046735936
0.01	0.014247376753524712
0.01	0.014265687363953004
0.01	0.014399480122433651
0.01	0.014244528019046337
0.01	0.014271562009177357
0.01	0.014401000439654194
0.01	0.42579141162591955
0.01	0.4257904709372449
0.01	0.014278672801608138
0.01	0.01439946116886528
0.01	0.014399908227789386
0.01	0.014399926568942885
0.01	0.01440084396267528
0.01	0.014246557940685392
0.01	0.4257644934574065
0.01	0.4257911454263516
0.01	0.014399797675263414
0.01	0.014242453566800338
0.01	0.014455584630452429
0.01	0.4257911947635625
0.01	0.014273518634794445
0.01	0.014248599144309402
0.01	0.014245286816119663
0.01	0.0143435004742577
0.02	0.4257912839839113
0.02	0.01439921390040941
0.02	0.014240718403600838
0.02	0.014268095008276136
0.02	0.014399697258802588
0.02	0.014456751748806227
0.02	0.014399808368344121
0.02	0.014399990711008198
0.02	0.42578659691075693
0.02	0.014399850975394134
0.02	0.01427980965024782
0.02	0.014343591972257336
0.02	0.014401037578833339
0.02	0.014400576433133578
0.02	0.01427893638950812
0.02	0.014265341047016732
0.02	0.014246939376619899
0.02	0.014247125314092597
0.02	0.42577927276338146
0.02	0.014267182190881774
0.02	0.4257907355308321
0.02	0.4257907740708766
0.02	0.0143998708713807
0.02	0.014280790521895879
0.02	0.014399955187704405
0.02	0.014399746295879166
0.02	0.014399717438315031
0.02	0.4257910625116775
0.02	0.014399682995184116
0.02	0.4257912694652059
0.02	0.014401953205207225
0.02	0.014401916771222822
0.02	0.014402012414234848
0.02	0.014248029885969439
0.02	0.014338482939215294
0.02	0.01440199979244818
0.02	0.014401159330179686
0.02	0.014243076288501575
0.02	0.014400105394334787
0.02	0.014343993237288851
0.02	0.014279961299731093
0.02	0.014279262368412947
0.02	0.014402256818325585
0.02	0.014273127871292798
0.02	0.014399385116124137
0.02	0.014242335030499056
0.02	0.014400965768849465
0.02	0.01440062497623213
0.02	0.014247067708309928
0.02	0.014401970028684456
0.02	0.0144005801302834
0.02	0.014344971856851364
0.02	0.014401588466580845
0.02	0.4257887913679025
0.02	0.014269559323192817
0.02	0.01440183243835466
0.02	0.01427871966050837
0.02	0.014400195755410393
0.02	0.014239825039057895
0.02	0.01428130716128999
0.02	0.01440210230987648
0.02	0.42579113326896467
0.02	0.014400445252564398
0.02	0.4257887550667925
0.02	0.0144014060492078
0.02	0.014338954022144178
0.02	0.42579139863541243
0.02	0.42579061821642256
0.02	0.42579111080920345
0.02	0.014242416373644826
0.02	0.014338907740482347
0.02	0.014400735626357037
0.02	0.014250062344998968
0.02	0.42579102349969883
0.02	0.014243085100586897
0.02	0.014240240490456878
0.02	0.42578791927403886
0.02	0.014399904549410947
0.02	0.014275070669202734
0.02	0.01424410381057217
0.02	0.014402242895950006
0.02	0.014246295566293175
0.02	0.014401020796449053
0.02	0.4257915388985461
0.02	0.014402499862462994
0.02	0.014399035614253233
0.02	0.014399712472262353
0.02	0.014277394598859197
0.02	0.014276662676184998
0.02	0.014280175148970672
0.02	0.42579123009399955
0.02	0.014400489699701062
0.02	0.014399897811979569
0.02	0.014247822419235948
0.02	0.014400470558571136
0.02	0.014244907371005117
0.02	0.014399803525055509
0.02	0.014279048462339905
0.02	0.014246452663866784
0.02	0.42579134885496667
0.03	0.014245522581520117
0.03	0.014247247283714687
0.03	0.014399761767817654
0.03	0.014400026476473435
0.03	0.014400858093445814
0.03	0.014399833341033863
0.03	0.014269031194275313
0.03	0.014268293305109573
0.03	0.014402222331567351
0.03	0.014456604241009197
0.03	0.42579129058593274
0.03	0.014400023206913472
0.03	0.014247618289302872
0.03	0.014249373905184605
0.03	0.01439972189597074
0.03	0.014252940464267345
0.03	0.014344370880788736
0.03	0.01428062275198985
0.03	0.014250932075061546
0.03	0.014248888670069312
0.03	0.014400516106808836
0.03	0.01440032332993786
0.03	0.014400467083543679
0.03	0.014279786362123284
0.03	0.014245180561462043
0.03	0.014400459440958274
0.03	0.01440022129818873
0.03	0.42579024843891844
0.03	0.014400054185346187
0.03	0.014402280077151079
0.03	0.014399985282775881
0.03	0.014402247901109036
0.03	0.014242319394660042
0.03	0.014401561908752246
0.03	0.014400379917760114
0.03	0.014401888082364462
0.03	0.014273022847202926
0.03	0.014243566596695225
0.03	0.014248372568573333
0.03	0.014250045344004293
0.03	0.014344443978733565
0.03	0.014399132203909476
0.03	0.014401945474947896
0.03	0.4257907046726939
0.03	0.01434398315987151
0.03	0.014275900211109187
0.03	0.014400009447713415
0.03	0.4257909444894335
0.03	0.014242518474731932
0.03	0.014399923152777105
0.03	0.42578884472834166
0.03	0.014244914417215199
0.03	0.014261327164978568
0.03	0.014400302843183282
0.03	0.42579780748143314
0.03	0.014247464000852793
0.03	0.014337594872141816
0.03	0.014249313721976136
0.03	0.014241774845733423
0.03	0.014277511823794083
0.03	0.014400275283464593
0.03	0.014399904983395854
0.03	0.4257914158011275
0.03	0.42579046712777296
0.03	0.014399187768892308
0.03	0.014400269124093356
0.03	0.014240428537027722
0.03	0.014399825563939244
0.03	0.014247323067567498
0.03	0.425791232623593
0.03	0.014250873270397117
0.03	0.42579089035983037
0.03	0.42579108440868313
0.03	0.42579090505921247
0.03	0.014400012898302107
0.03	0.4257910820611073
0.03	0.014250986354120228
0.03	0.014401863653047341
0.03	0.42579156178784944
0.03	0.014402504773263642
0.03	0.014274422823126182
0.03	0.014400473824866736
0.03	0.014249454200699313
0.03	0.014456410680930745
0.03	0.014276269589927539
0.03	0.4257895991405452
0.03	0.0142739147276916
0.03	0.014264977420911365
0.03	0.014247336505688388
0.03	0.0142791064135349
0.03	0.014400293618205131
0.03	0.42579128987566756
0.03	0.42579121668265163
0.03	0.014402369319567761
0.03	0.014250222058373863
0.03	0.014277892772757303
0.03	0.4257905789885189
0.03	0.01440144844285907
0.03	0.014247037591402867
0.03	0.014280857840617148
0.04	0.42579141548458105
0.04	0.014400741744460977
0.04	0.014401449586562542
0.04	0.014402088323871924
0.04	0.42579111332236813
0.04	0.014399944329644246
0.04	0.01424141255279248
0.04	0.014246361676224069
0.04	0.014402134589425217
0.04	0.4257914471846834
0.04	0.014260076411721171
0.04	0.4257699438942276
0.04	0.014250926250030722
0.04	0.014401257632966038
0.04	0.42578734892728015
0.04	0.014276979085765609
0.04	0.014400360907694133
0.04	0.014249085598859691
0.04	0.014270008306957183
0.04	0.014342705425727385
0.04	0.014400107500954657
0.04	0.014402242509797214
0.04	0.42579138827190754
0.04	0.014401331180541006
0.04	0.014399734991884084
0.04	0.014401893503653613
0.04	0.014400315142166067
0.04	0.014399543171740385
0.04	0.014400873060429422
0.04	0.01426594480596256
0.04	0.014402181497574346
0.04	0.4257914427812926
0.04	0.014349811553836887
0.04	0.014400028440807545
0.04	0.014343338429697582
0.04	0.014242566115225053
0.04	0.014344388474401573
0.04	0.014400080578698684
0.04	0.014246950665925628
0.04	0.01440001549865875
0.04	0.014400406708830821
0.04	0.014280281827921659
0.04	0.014400063095004008
0.04	0.014401347606893313
0.04	0.014399779056673738
0.04	0.4257904040483397
0.04	0.014399640353841073
0.04	0.014400175745700801
0.04	0.014401811771610672
0.04	0.014398565138893883
0.04	0.014399973989673106
0.04	0.014401800577898244
0.04	0.014399779460518085
0.04	0.42579113055114415
0.04	0.014399922552520726
0.04	0.014338191343308247
0.04	0.01440030722155559
0.04	0.4257874343911387
0.04	0.014399975971564118
0.04	0.014275618080057683
0.04	0.014400158193616727
0.04	0.014400184357695151
0.04	0.014247129719628793
0.04	0.42579131919941676
0.04	0.014276074959111379
0.04	0.014456670013668987
0.04	0.42579106120139376
0.04	0.014401929279836318
0.04	0.4257913058533091
0.04	0.014279205349654267
0.04	0.014399766222355354
0.04	0.014244434967408402
0.04	0.014263327526082914
0.04	0.014400112115878381
0.04	0.014243503170085207
0.04	0.4257906332303665
0.04	0.42579035152363426
0.04	0.014274806459550343
0.04	0.2706032059863925
0.04	0.014275112320280678
0.04	0.014399627934433019
0.04	0.4257903901422109
0.04	0.014259864792440024
0.04	0.014400176833847993
0.04	0.4257907469859455
0.04	0.01440097313415717
0.04	0.42578151978535483
0.04	0.42579061942989127
0.04	0.014342423993489194
0.04	0.014399574230122735
0.04	0.4257906972060837
0.04	0.4257898712326197
0.04	0.014262366056740966
0.04	0.42579057079823845
0.04	0.014242286731045845
0.04	0.01426177870553484
0.04	0.014245097745035943
0.04	0.014245300878217678
0.04	0.014249597027025515
0.04	0.4257908851251233
0.05	0.014399321717481943
0.05	0.4257638676775728
0.05	0.014455177596519316
0.05	0.4257909468840712
0.05	0.014242742451833254
0.05	0.01439831387561194
0.05	0.014241150568703656
0.05	0.014276429207712464
0.05	0.014401251790354863
0.05	0.014399670045421495
0.05	0.014399784175341563
0.05	0.42579148202217676
0.05	0.4257914415118988
0.05	0.01424222239588612
0.05	0.42579106759755214
0.05	0.4257908869778448
0.05	0.014267472104858736
0.05	0.014402012514066349
0.05	0.014274527739955849
0.05	0.014250991582720852
0.05	0.014270478122989587
0.05	0.014400124480040145
0.05	0.014402521976113901
0.05	0.4257913052119783
0.05	0.42579153736860453
0.05	0.014248688024867727
0.05	0.01424868817975247
0.05	0.014400129071480467
0.05	0.014338656499483312
0.05	0.014247054563465143
0.05	0.4257913456482523
0.05	0.014400227439497463
0.05	0.014341954279338414
0.05	0.014274770027756158
0.05	0.014274689470557636
0.05	0.4257910704125248
0.05	0.014401484615958481
0.05	0.01427407887347143
0.05	0.014247017014084923
0.05	0.014280715231610138
0.05	0.01439969433447011
0.05	0.014278214444126263
0.05	0.425791033673182
0.05	0.014244365846967132
0.05	0.014398803128173331
0.05	0.4257912873634638
0.05	0.014280345655863447
0.05	0.014244249848849875
0.05	0.014249033576748473
0.05	0.014247799482399764
0.05	0.014399932033693807
0.05	0.014401324592770482
0.05	0.4257911774792069
0.05	0.01427657404756877
0.05	0.014276711391574395
0.05	0.01439960964933674
0.05	0.014400841937102078
0.05	0.2705997246028103
0.05	0.014274030399072109
0.05	0.014280142302555655
0.05	0.014400423909312057
0.05	0.014400419163174808
0.05	0.01440003988619334
0.05	0.4257901903005485
0.05	0.014249329240269138
0.05	0.014246376588061473
0.05	0.01424578204720355
0.05	0.014399654406815992
0.05	0.014342159969745964
0.05	0.014401291523345084
0.05	0.2705946998958168
0.05	0.01424651219106494
0.05	0.014400530844832202
0.05	0.4257909467073579
0.05	0.01440188000722891
0.05	0.014400079860215749
0.05	0.014399522806786767
0.05	0.014267024187150215
0.05	0.014402150418905076
0.05	0.014401929402109213
0.05	0.014399554506935816
0.05	0.42557077706039326
0.05	0.014401855777294996
0.05	0.014247552107420245
0.05	0.014344650248989203
0.05	0.014280102824526767
0.05	0.01440029035707112
0.05	0.014399955637064608
0.05	0.01426240320900587
0.05	0.01424401135861528
0.05	0.014399665150290649
0.05	0.01424966721553123
0.05	0.014400148277187311
0.05	0.014400585757263957
0.05	0.01440110168692818
0.05	0.014401099008360773
0.05	0.014277783083165428
0.05	0.01424620323357867
0.05	0.4257911433820562
0.05	0.014248035520361928
0.060000000000000005	0.42579035211760774
0.060000000000000005	0.01440090143484896
0.060000000000000005	0.014401118142826028
0.060000000000000005	0.01440013143336938
0.060000000000000005	0.014276963065049072
0.060000000000000005	0.014243744605112161
0.060000000000000005	0.014400617083770216
0.060000000000000005	0.014399589024289816
0.060000000000000005	0.014401627513748355
0.060000000000000005	0.014280173644119336
0.060000000000000005	0.4257889748067863
0.060000000000000005	0.014399462590117157
0.060000000000000005	0.014399932338712193
0.060000000000000005	0.0144010258599286
0.060000000000000005	0.014402443842695668
0.060000000000000005	0.42578865513228326
0.060000000000000005	0.014246021821775659
0.060000000000000005	0.014400059428942652
0.060000000000000005	0.014280673436333187
0.060000000000000005	0.014344500758321992
0.060000000000000005	0.014400002898630672
0.060000000000000005	0.42577895261977067
0.060000000000000005	0.014277536682130826
0.060000000000000005	0.4257911959184298
0.060000000000000005	0.014269819106127091
0.060000000000000005	0.014401700064340424
0.060000000000000005	0.014245319234250977
0.060000000000000005	0.01423764654207872
0.060000000000000005	0.01427255003436748
0.060000000000000005	0.014253668111649916
0.060000000000000005	0.014400158401120043
0.060000000000000005	0.014247304125399329
0.060000000000000005	0.014279951925512908
0.060000000000000005	0.014400395245152662
0.060000000000000005	0.014249787594596034
0.060000000000000005	0.014264399044578333
0.060000000000000005	0.014242914354901076
0.060000000000000005	0.014247727617689538
0.060000000000000005	0.01440192777545353
0.060000000000000005	0.014399910322942045
0.060000000000000005	0.01424505693036577
0.060000000000000005	0.014338219503617007
0.060000000000000005	0.014400535704817495
0.060000000000000005	0.014400780146527042
0.060000000000000005	0.014401884976127667
0.060000000000000005	0.014399765267422362
0.060000000000000005	0.014398342002725852
0.060000000000000005	0.014400442078545888
0.060000000000000005	0.014400039060507342
0.060000000000000005	0.014400518295037443
0.060000000000000005	0.01439980573840126
0.060000000000000005	0.014279737224798824
0.060000000000000005	0.014249096943139255
0.060000000000000005	0.014249438713497958
0.060000000000000005	0.014275240804024626
0.060000000000000005	0.4257930204318091
0.060000000000000005	0.014243890682031822
0.060000000000000005	0.014399917833516235
0.060000000000000005	0.4257933319495586
0.060000000000000005	0.4257912960238005
0.060000000000000005	0.014242194566360512
0.060000000000000005	0.01440206562056774
0.060000000000000005	0.014244167557104347
0.060000000000000005	0.01439897983485157
0.060000000000000005	0.01424716206225527
0.060000000000000005	0.014400294553007972
0.060000000000000005	0.014400527100025377
0.060000000000000005	0.014401810127668512
0.060000000000000005	0.01440016966215549
0.060000000000000005	0.01424281820553219
0.060000000000000005	0.014456636695178906
0.060000000000000005	0.014401319604581218
0.060000000000000005	0.014401869485724899
0.060000000000000005	0.014401399053442667
0.060000000000000005	0.014399841823620226
0.060000000000000005	0.014265577043017206
0.060000000000000005	0.014402311140203019
0.060000000000000005	0.014400645552285549
0.060000000000000005	0.014399894153037461
0.060000000000000005	0.014398074146915843
0.060000000000000005	0.014401220752509904
0.060000000000000005	0.01440002363281794
0.060000000000000005	0.01427527937264687
0.060000000000000005	0.014454222838238105
0.060000000000000005	0.014276916800526406
0.060000000000000005	0.01424700731130313
0.060000000000000005	0.014248372662983691
0.060000000000000005	0.0144004465388544
0.060000000000000005	0.42579140910623003
0.060000000000000005	0.42579082283366504
0.060000000000000005	0.014279708835440929
0.060000000000000005	0.01427578616178958
0.060000000000000005	0.014400162493891873
0.060000000000000005	0.42578194864815655
0.060000000000000005	0.4257911480775141
0.060000000000000005	0.014400148866895246
0.060000000000000005	0.4257908779041141
0.060000000000000005	0.014268237842243752
0.060000000000000005	0.01440044912597334
0.060000000000000005	0.014399406998854562
0.06999999999999999	0.014399701648304732
0.06999999999999999	0.014400350311016216
0.06999999999999999	0.014337518579068375
0.06999999999999999	0.42579133356162374
0.06999999999999999	0.014257190566389272
0.06999999999999999	0.014270011553497795
0.06999999999999999	0.42579160701747737
0.06999999999999999	0.014275867358322357
0.06999999999999999	0.014399880147653865
0.06999999999999999	0.014400023912276287
0.06999999999999999	0.014398167014409841
0.06999999999999999	0.014399775246029626
0.06999999999999999	0.014246599802685663
0.06999999999999999	0.014398788500399114
0.06999999999999999	0.014402186182520151
0.06999999999999999	0.42578856239743945
0.06999999999999999	0.014248173646601145
0.06999999999999999	0.01424484499536937
0.06999999999999999	0.014247614094961794
0.06999999999999999	0.01427896040664681
0.06999999999999999	0.014400061922650233
0.06999999999999999	0.01427745888534562
0.06999999999999999	0.01439950076691744
0.06999999999999999	0.01439988498204504
0.06999999999999999	0.42579080880691905
0.06999999999999999	0.014399823196020666
0.06999999999999999	0.014402132947074212
0.06999999999999999	0.4257911743318845
0.06999999999999999	0.014399741925646869
0.06999999999999999	0.014401823338681213
0.06999999999999999	0.4257913240823088
0.06999999999999999	0.014400536828137848
0.06999999999999999	0.014401128547744245
0.06999999999999999	0.014400676338950149
0.06999999999999999	0.014400201716712325
0.06999999999999999	0.014272626205767107
0.06999999999999999	0.01427881568332469
0.06999999999999999	0.4257907562351417
0.06999999999999999	0.014246760313034942
0.06999999999999999	0.014274187127925832
0.06999999999999999	0.014399714425897258
0.06999999999999999	0.01440008597501294
0.06999999999999999	0.42579113748304726
0.06999999999999999	0.014400158889415537
0.06999999999999999	0.014402383000996133
0.06999999999999999	0.014400665861519111
0.06999999999999999	0.014401875587520029
0.06999999999999999	0.014245882322546914
0.06999999999999999	0.4257917209155493
0.06999999999999999	0.014250430546633027
0.06999999999999999	0.014401588532297145
0.06999999999999999	0.014244955242726759
0.06999999999999999	0.014250098361307452
0.06999999999999999	0.4257617249977608
0.06999999999999999	0.4258000299905644
0.06999999999999999	0.42578952370091927
0.06999999999999999	0.0143997336174148
0.06999999999999999	0.014401801711265852
0.06999999999999999	0.014280177625101637
0.06999999999999999	0.014399739013906883
0.06999999999999999	0.014401666644307658
0.06999999999999999	0.01440167653899736
0.06999999999999999	0.014399913208708804
0.06999999999999999	0.42579105651969584
0.06999999999999999	0.4257911864889729
0.06999999999999999	0.014401623817327043
0.06999999999999999	0.014245657229452683
0.06999999999999999	0.014247117885565794
0.06999999999999999	0.42579111857068824
0.06999999999999999	0.01439996148921065
0.06999999999999999	0.4257913363473348
0.06999999999999999	0.014401928939393566
0.06999999999999999	0.425790910326244
0.06999999999999999	0.42579103340069835
0.06999999999999999	0.4257913702453872
0.06999999999999999	0.014399659214560701
0.06999999999999999	0.014401952008139615
0.06999999999999999	0.014245028637621492
0.06999999999999999	0.014250382554300639
0.06999999999999999	0.014399913369201916
0.06999999999999999	0.01427635255514531
0.06999999999999999	0.014399822946096463
0.06999999999999999	0.014248493942802263
0.06999999999999999	0.014399521369628136
0.06999999999999999	0.42579177830659853
0.06999999999999999	0.014456283829348321
0.06999999999999999	0.014399735521805998
0.06999999999999999	0.014275172853328515
0.06999999999999999	0.014400299164989156
0.06999999999999999	0.014249337395907469
0.06999999999999999	0.4257913285205421
0.06999999999999999	0.014400351724766012
0.06999999999999999	0.42579098904244456
0.06999999999999999	0.0144000245823295
0.06999999999999999	0.425791112789202
0.06999999999999999	0.014400081196223376
0.06999999999999999	0.014252452470568918
0.06999999999999999	0.014243341482463924
0.06999999999999999	0.014244272035460262
0.06999999999999999	0.014400429124501282
0.08	0.4257904502822353
0.08	0.01440062773509612
0.08	0.014398410975597464
0.08	0.014400150578821536
0.08	0.01439990684482816
0.08	0.014244068158928206
0.08	0.4257899035372354
0.08	0.4257835543005039
0.08	0.014342959934104676
0.08	0.014400446724294894
0.08	0.42579116500574005
0.08	0.014402108273750224
0.08	0.01426565267292575
0.08	0.014246461207239316
0.08	0.014400569951164257
0.08	0.014253713841586801
0.08	0.014402337716480924
0.08	0.014241896039959387
0.08	0.014279547189374367
0.08	0.014251921544269975
0.08	0.014399612080411447
0.08	0.42578014500788647
0.08	0.014400001653320194
0.08	0.4257886250290857
0.08	0.014243024759674856
0.08	0.425790927873594
0.08	0.4257905365097004
0.08	0.014402199059147013
0.08	0.014276628545462829
0.08	0.014279314080109481
0.08	0.4257911247780544
0.08	0.4257899192881115
0.08	0.014277809041699712
0.08	0.014402095049840644
0.08	0.01426062615585269
0.08	0.01440052606196673
0.08	0.01424555282173757
0.08	0.014252224599157978
0.08	0.014400849601255913
0.08	0.014402184259181864
0.08	0.425791624649415
0.08	0.014400171607109264
0.08	0.014400392300574931
0.08	0.01439984129089287
0.08	0.01440209862848904
0.08	0.01439981926933694
0.08	0.014402029371320953
0.08	0.014399374513258624
0.08	0.014247058285308261
0.08	0.014338530160142644
0.08	0.425791251632045
0.08	0.014400267127677302
0.08	0.014247116203262815
0.08	0.014273071132311542
0.08	0.01440133843967855
0.08	0.01424325381546504
0.08	0.014454508826038642
0.08	0.014279960792931324
0.08	0.01440025773888083
0.08	0.014344150584223619
0.08	0.42579120475583115
0.08	0.014400253849340374
0.08	0.014399619490979001
0.08	0.4257911637720869
0.08	0.014399710210323527
0.08	0.014402133268454789
0.08	0.01440014142878319
0.08	0.425791283766107
0.08	0.014400453938238293
0.08	0.014274222077365463
0.08	0.014402127650655648
0.08	0.014266950097446312
0.08	0.014402477224687368
0.08	0.014249952872241888
0.08	0.4257912829531763
0.08	0.01440206403666536
0.08	0.42578877912889146
0.08	0.014402192018820587
0.08	0.014279229446538848
0.08	0.014343731947055984
0.08	0.014401451973532254
0.08	0.014400115127689846
0.08	0.01440036886878518
0.08	0.014398501035517541
0.08	0.014245546073863425
0.08	0.014399582006421373
0.08	0.42579030629538006
0.08	0.42578881725689344
0.08	0.014255703944131521
0.08	0.014240219350340946
0.08	0.01440193011721299
0.08	0.014265963711925183
0.08	0.014401676092736525
0.08	0.014245814673112983
0.08	0.014399995799672102
0.08	0.014268334170846612
0.08	0.4257905969003347
0.08	0.014400345199352918
0.08	0.01440068116976693
0.08	0.014243558980076522
0.09	0.014456364093340196
0.09	0.014398180913351233
0.09	0.014242016496491131
0.09	0.014402225581152403
0.09	0.014280678955282775
0.09	0.014279412995213339
0.09	0.014245137139971302
0.09	0.014399508494728023
0.09	0.014266283665141379
0.09	0.014401111169355184
0.09	0.014243623901429931
0.09	0.42579138716654513
0.09	0.42579115649177
0.09	0.014401020816898966
0.09	0.014399405397078513
0.09	0.014280333765351996
0.09	0.42578030024534347
0.09	0.014338160387010572
0.09	0.014401149229599362
0.09	0.014456282256329986
0.09	0.014400224970460198
0.09	0.014401300423857039
0.09	0.014397966281771719
0.09	0.42578952371460854
0.09	0.014256921646065254
0.09	0.01440199617528048
0.09	0.014402240423099807
0.09	0.425781399511866
0.09	0.014246928777087619
0.09	0.01425354651423462
0.09	0.014243181962187806
0.09	0.014400159433572453
0.09	0.01440195041551421
0.09	0.01434409613655614
0.09	0.014243582182385493
0.09	0.42579132685982635
0.09	0.014260500886871051
0.09	0.01439995215045064
0.09	0.014246366023611526
0.09	0.014342745408954263
0.09	0.42578085911007385
0.09	0.014400635743419302
0.09	0.014401518297780268
0.09	0.014400863142184719
0.09	0.42578378044279874
0.09	0.01440226866672722
0.09	0.014245690886465903
0.09	0.014400885676531062
0.09	0.014241889837713753
0.09	0.014401216094213678
0.09	0.4257912174119874
0.09	0.014240450170240289
0.09	0.42579088679837473
0.09	0.014400207593198303
0.09	0.014261693401651926
0.09	0.014245866060250184
0.09	0.014249804441811714
0.09	0.01440012392062709
0.09	0.014248065612902993
0.09	0.014402260808466221
0.09	0.425790523914007
0.09	0.014245314986485156
0.09	0.01440008199562047
0.09	0.014243715478671462
0.09	0.42579134334035285
0.09	0.0143995702326597
0.09	0.014263408351733842
0.09	0.014400453457678273
0.09	0.4257916105375232
0.09	0.014244429705740967
0.09	0.01427155966615851
0.09	0.014271575762061976
0.09	0.01424086746849027
0.09	0.014400680800426667
0.09	0.014400050774646306
0.09	0.014338996938259784
0.09	0.014400115751831066
0.09	0.014278874667519686
0.09	0.014247454069733174
0.09	0.0142505140024588
0.09	0.014275683515581797
0.09	0.014249397061325126
0.09	0.42579101147638343
0.09	0.4257705247987046
0.09	0.014399659258201247
0.09	0.014266015971201461
0.09	0.014249513524457268
0.09	0.01440240200846677
0.09	0.4257913547522706
0.09	0.014343065278632652
0.09	0.014401849769508666
0.09	0.01440219484141946
0.09	0.014402019777435403
0.09	0.01440231469100037
0.09	0.014250095071157218
0.09	0.014275418566710262
0.09	0.42579118645286057
0.09	0.4257910908486978
0.09	0.014278044234417846
0.09	0.014247207455242853
0.1	0.014400498265326769
0.1	0.014398721679323802
0.1	0.014400224106462065
0.1	0.014400502283321095
0.1	0.014399918302427329
0.1	0.425786658272391
0.1	0.014399937795782016
0.1	0.014272660990467185
0.1	0.014260926414850543
0.1	0.014399886257267867
0.1	0.014401807506517188
0.1	0.014268379008566064
0.1	0.014399757765536267
0.1	0.014398907015811604
0.1	0.014260341668875126
0.1	0.014402183739854746
0.1	0.4257911599126492
0.1	0.014280837625093216
0.1	0.014344339989804526
0.1	0.014279443000694482
0.1	0.014399722266507684
0.1	0.014456216694812455
0.1	0.014402113418388028
0.1	0.014402022084238355
0.1	0.014400176165891652
0.1	0.42576400628414474
0.1	0.014400255550620068
0.1	0.014244194249861569
0.1	0.014399934194355443
0.1	0.014400657760254674
0.1	0.42575822093580795
0.1	0.01440088051934578
0.1	0.01424700213429696
0.1	0.4257780893877004
0.1	0.01440005987990951
0.1	0.014402043926388995
0.1	0.42579106101313735
0.1	0.014402365509166109
0.1	0.014252374024160321
0.1	0.014251995537402449
0.1	0.4257912767808189
0.1	0.01424496712897104
0.1	0.014400788611263014
0.1	0.01440053721542808
0.1	0.014400341499882376
0.1	0.014400975054679842
0.1	0.014400886781927235
0.1	0.01424923129105352
0.1	0.014266385725328864
0.1	0.0144561792604462
0.1	0.01425047879610367
0.1	0.014248132813369906
0.1	0.42579138169863806
0.1	0.4257909566620432
0.1	0.4257770949562574
0.1	0.014400292248965186
0.1	0.014337629874112924
0.1	0.014245910070446233
0.1	0.014402368289363962
0.1	0.014401040633751144
0.1	0.014399701737374166
0.1	0.014400478860832459
0.1	0.01440029440432924
0.1	0.014399783517739776
0.1	0.014272478768548652
0.1	0.014400331306462974
0.1	0.014269777043119842
0.1	0.014400159482471375
0.1	0.42579076454134085
0.1	0.42579081961616533
0.1	0.014400559787119828
0.1	0.014243612358356372
0.1	0.01427429663382624
0.1	0.014245711103718948
0.1	0.01424688898100956
0.1	0.01424551243663328
0.1	0.01427217841677164
0.1	0.014276597324774539
0.1	0.014456747433936547
0.1	0.014248869130431583
0.1	0.014400190309704823
0.1	0.014344572023742737
0.1	0.425791092455106
0.1	0.014400090805291605
0.1	0.014247627732846732
0.1	0.014400758002840687
0.1	0.014250869085199253
0.1	0.014456105981784255
0.1	0.42578762999119685
0.1	0.42578025139669695
0.1	0.4257916415446355
0.1	0.0143995253852782
0.1	0.0144014207704726
0.1	0.014278607341257058
0.1	0.014264515496438056
0.1	0.42579130803342496
0.1	0.014240024228390756
0.1	0.014263408673047071
0.1	0.014251159818348114
0.1	0.014245024035383852
0.2	0.014400538004669283
0.2	0.4257914638758504
0.2	0.014399038069520415
0.2	0.01439980017895636
0.2	0.014399973045204784
0.2	0.4257912996692738
0.2	0.014245524301909871
0.2	0.014399652415737181
0.2	0.014399623720076233
0.2	0.014401145296783418
0.2	0.014247891408174087
0.2	0.42579095434201036
0.2	0.42579113234067406
0.2	0.4257904699935617
0.2	0.01427871238530532
0.2	0.01440222085796811
0.2	0.014263683810291583
0.2	0.014249145607517423
0.2	0.01424954392154329
0.2	0.014342921686452062
0.2	0.014402285135691802
0.2	0.4257908972745276
0.2	0.4257907072201298
0.2	0.42579104801523104
0.2	0.014400181279006451
0.2	0.01424308018568438
0.2	0.014256763564223309
0.2	0.01445529963337195
0.2	0.014244585618694492
0.2	0.42578895821179275
0.2	0.01440069513615921
0.2	0.014261060757085359
0.2	0.014256271848656518
0.2	0.014242298370879055
0.2	0.014249418813082993
0.2	0.014247534372372334
0.2	0.014279521886042151
0.2	0.42578611084548423
0.2	0.014399712205710676
0.2	0.014248434841824982
0.2	0.014279472279555146
0.2	0.01439973152557912
0.2	0.014397902865257996
0.2	0.014400398585939335
0.2	0.01440078743101713
0.2	0.014455628068120235
0.2	0.014279128973466965
0.2	0.42578216214729797
0.2	0.01439998865609878
0.2	0.42578736110918364
0.2	0.4257914511258839
0.2	0.014277656775707755
0.2	0.014400101213861965
0.2	0.01439988477846991
0.2	0.014243206510078444
0.2	0.014274015411237063
0.2	0.014248726795236255
0.2	0.014400739956405938
0.2	0.014399654783776937
0.2	0.014250752914824463
0.2	0.014344373660473619
0.2	0.014337904354486508
0.2	0.014456646754886358
0.2	0.014243704490510165
0.2	0.014400690273399302
0.2	0.014272419269110536
0.2	0.01439983249428038
0.2	0.4257909479324498
0.2	0.014239600787102272
0.2	0.014402260981531632
0.2	0.014400457201444032
0.2	0.014399278166868985
0.2	0.4257635576849991
0.2	0.014400304312894529
0.2	0.014251052519165591
0.2	0.014400087685475538
0.2	0.014399850038480742
0.2	0.014244749847720822
0.2	0.4257857081867611
0.2	0.01426602214551448
0.2	0.42579129013014344
0.2	0.014400789113254285
0.2	0.014242701432424728
0.2	0.4257908604893909
0.2	0.014402168956777456
0.2	0.4257913654702957
0.2	0.01425766609883925
0.2	0.014241829517236947
0.2	0.014266028101632675
0.2	0.014400208019685291
0.2	0.014400217772331216
0.2	0.014455561277545286
0.2	0.4257909743706224
0.2	0.4257902575352295
0.2	0.42578902010530456
0.2	0.014280113785670193
0.2	0.014280437420295779
0.2	0.01427542809694501
0.2	0.014400100818669943
0.2	0.014338495637862768
0.30000000000000004	0.014401855678000598
0.30000000000000004	0.014278684196922763
0.30000000000000004	0.014244390124873559
0.30000000000000004	0.42577558488986245
0.30000000000000004	0.014246466593962344
0.30000000000000004	0.014243121381273757
0.30000000000000004	0.4257914351514522
0.30000000000000004	0.014401220199019764
0.30000000000000004	0.014248941435835988
0.30000000000000004	0.42579130047664054
0.30000000000000004	0.014402378802595485
0.30000000000000004	0.01439939761904513
0.30000000000000004	0.01426930407576101
0.30000000000000004	0.014344305353089361
0.30000000000000004	0.014275926732970947
0.30000000000000004	0.4257907421822599
0.30000000000000004	0.014274141820511732
0.30000000000000004	0.014279462263105658
0.30000000000000004	0.014270203674560153
0.30000000000000004	0.01440188724883738
0.30000000000000004	0.01440000784239827
0.30000000000000004	0.014337439777736573
0.30000000000000004	0.014399728239002416
0.30000000000000004	0.01440026586208287
0.30000000000000004	0.014252034588568822
0.30000000000000004	0.014400453460247944
0.30000000000000004	0.01424600158722032
0.30000000000000004	0.014243424143387457
0.30000000000000004	0.42579127637185815
0.30000000000000004	0.42579080170936834
0.30000000000000004	0.014244026349039911
0.30000000000000004	0.0144016803715099
0.30000000000000004	0.01439993537205525
0.30000000000000004	0.014344358278292566
0.30000000000000004	0.014400160403774316
0.30000000000000004	0.01424814720110342
0.30000000000000004	0.01439972094345177
0.30000000000000004	0.014337028159941385
0.30000000000000004	0.01427540834591924
0.30000000000000004	0.014344162584939767
0.30000000000000004	0.014399939794359386
0.30000000000000004	0.014401930775600078
0.30000000000000004	0.014402160160492382
0.30000000000000004	0.014244959663675292
0.30000000000000004	0.014399795620238057
0.30000000000000004	0.014248368418876027
0.30000000000000004	0.014263830932365286
0.30000000000000004	0.42579116943205353
0.30000000000000004	0.014399534300633907
0.30000000000000004	0.014400237073782582
0.30000000000000004	0.014251163108263852
0.30000000000000004	0.014400037855952804
0.30000000000000004	0.014456741951541001
0.30000000000000004	0.014399932982353824
0.30000000000000004	0.014274684435338471
0.30000000000000004	0.014278397089262025
0.30000000000000004	0.014246403302736407
0.30000000000000004	0.014399262472752507
0.30000000000000004	0.014278832312433926
0.30000000000000004	0.014244383988488634
0.30000000000000004	0.014399829130780457
0.30000000000000004	0.014399659689710418
0.30000000000000004	0.01439983519597708
0.30000000000000004	0.014245299616268383
0.30000000000000004	0.014401180217697464
0.30000000000000004	0.42576249127303784
0.30000000000000004	0.014400723246434304
0.30000000000000004	0.014400278440189946
0.30000000000000004	0.01440029045773371
0.30000000000000004	0.4257913821615325
0.30000000000000004	0.4257913997077418
0.30000000000000004	0.4257904052887833
0.30000000000000004	0.014400362008177651
0.30000000000000004	0.014400113422108075
0.30000000000000004	0.014280134296522902
0.30000000000000004	0.014270494181586615
0.30000000000000004	0.014265603243396908
0.30000000000000004	0.014402551477903999
0.30000000000000004	0.014401211528802358
0.30000000000000004	0.014402526961762526
0.30000000000000004	0.01424120627520393
0.30000000000000004	0.014401332126001207
0.30000000000000004	0.01439995663858784
0.30000000000000004	0.42579105941568585
0.30000000000000004	0.014277320301527022
0.30000000000000004	0.01440017065067427
0.30000000000000004	0.4257909821108731
0.30000000000000004	0.01440201215768288
0.30000000000000004	0.014275353111072288
0.30000000000000004	0.014401930726290141
0.30000000000000004	0.014273531686896778
0.30000000000000004	0.014397998264261648
0.30000000000000004	0.014399746833094603
0.30000000000000004	0.014245969214134645
0.30000000000000004	0.42578561654574726
0.30000000000000004	0.014246436619203814
0.30000000000000004	0.42578987387087247
0.30000000000000004	0.014242669111606201
0.30000000000000004	0.014400762999129424
0.30000000000000004	0.014400185985331028
0.4	0.4257914079160413
0.4	0.4257914918981559
0.4	0.014400609397199537
0.4	0.014243592233166263
0.4	0.014277574888437958
0.4	0.014400659298222722
0.4	0.014263431845064789
0.4	0.014399778027522788
0.4	0.01424028790737447
0.4	0.01440002171586553
0.4	0.014399858056884578
0.4	0.4257908293098544
0.4	0.014245383179328556
0.4	0.4257909310754524
0.4	0.014247257330908859
0.4	0.014401951930164098
0.4	0.014268996849339901
0.4	0.014338599692132697
0.4	0.014244849795283412
0.4	0.014276972121157527
0.4	0.42579121249549196
0.4	0.01439961521699196
0.4	0.01440201209143543
0.4	0.014338414425366978
0.4	0.014401807943528768
0.4	0.4257910628155258
0.4	0.014401880481061691
0.4	0.42577592085076693
0.4	0.014400662932024341
0.4	0.014246424734556486
0.4	0.014279914941373447
0.4	0.01439991001632917
0.4	0.01433881709960966
0.4	0.014271718334874877
0.4	0.014402223893725282
0.4	0.014400102615208183
0.4	0.01440023380574836
0.4	0.014245817443845723
0.4	0.01424796399989722
0.4	0.014244736756229965
0.4	0.4257908383720304
0.4	0.014244516616393789
0.4	0.014273697045362486
0.4	0.27059697428695734
0.4	0.014400261823144389
0.4	0.014252894303072984
0.4	0.014399979147941723
0.4	0.014402264209828318
0.4	0.01440025785024649
0.4	0.014402046765173222
0.4	0.014338221421353227
0.4	0.4257911905786131
0.4	0.01427376592048297
0.4	0.014400203987712868
0.4	0.014247521175394752
0.4	0.014402045164603002
0.4	0.0142665619755052
0.4	0.014399848932628745
0.4	0.014243407417516033
0.4	0.014248485851303167
0.4	0.42579158889195384
0.4	0.014239977317962447
0.4	0.014400374513521535
0.4	0.014246744544942957
0.4	0.014401109470984084
0.4	0.014399296462520118
0.4	0.014401367644672614
0.4	0.014400365113034733
0.4	0.01440022229473499
0.4	0.4257896165554329
0.4	0.014399959552910716
0.4	0.014400155114697263
0.4	0.014275743028861063
0.4	0.014400537819615155
0.4	0.014246702302995788
0.4	0.4257548339888984
0.4	0.01439988514221805
0.4	0.014243069223349681
0.4	0.014245854454250386
0.4	0.014400670082066308
0.4	0.014279712832761306
0.4	0.4257893229397968
0.4	0.014245283942284572
0.4	0.014400389126786773
0.4	0.014400798189808097
0.4	0.014267839139775446
0.4	0.014401434700242752
0.4	0.014242386902558938
0.4	0.014402017408209756
0.4	0.014271482950700496
0.4	0.014400646099649665
0.4	0.425791101203514
0.4	0.014338454827091184
0.4	0.014242908400255052
0.4	0.014401876528634405
0.4	0.014402449413624814
0.4	0.014260255953079013
0.4	0.014400672744705635
0.4	0.014272784012680595
0.4	0.014248182910348841
0.5	0.014398176950529825
0.5	0.4257888639515157
0.5	0.01440073740412405
0.5	0.4257910730201492
0.5	0.01440172068856262
0.5	0.01440031305585959
0.5	0.014279796162275392
0.5	0.014338676075971855
0.5	0.014399782311466705
0.5	0.014401958556883147
0.5	0.014249125933642795
0.5	0.01439941613125432
0.5	0.014398563683486108
0.5	0.014265388874508273
0.5	0.014250636982289898
0.5	0.014400157400530718
0.5	0.014264270278625344
0.5	0.01424249877984861
0.5	0.014267376231013169
0.5	0.01425950811609715
0.5	0.014400372839834502
0.5	0.42579078150156113
0.5	0.014398474406514965
0.5	0.014399911640202745
0.5	0.014399738708089504
0.5	0.4257916130292212
0.5	0.4257910341347149
0.5	0.014401009776664475
0.5	0.014250702231094054
0.5	0.014399668778424232
0.5	0.014281112683375053
0.5	0.01424653955577365
0.5	0.4257893475577595
0.5	0.42579129059928666
0.5	0.014277104724169763
0.5	0.014456484864306415
0.5	0.014401518822518482
0.5	0.014245745823369895
0.5	0.4257913017325514
0.5	0.01439994790898294
0.5	0.014400410672888242
0.5	0.014279407088464237
0.5	0.014399682133903705
0.5	0.01424910870271727
0.5	0.014400211534924998
0.5	0.014250963113081955
0.5	0.4257910181999751
0.5	0.425786942223582
0.5	0.01426213641066925
0.5	0.42579048830701566
0.5	0.014400934411324883
0.5	0.01440021472182494
0.5	0.4257910396913676
0.5	0.014402304011021529
0.5	0.01440025831656616
0.5	0.014401820821677938
0.5	0.014251454009716011
0.5	0.01445662983179673
0.5	0.014400343153146426
0.5	0.014241133167778653
0.5	0.014399991197020992
0.5	0.014240805317977858
0.5	0.014278764206802576
0.5	0.014279058968533835
0.5	0.014399752679102503
0.5	0.014400290741274633
0.5	0.014402297648085342
0.5	0.014338774276513836
0.5	0.014279843072925446
0.5	0.42579088350363503
0.5	0.014277651779770988
0.5	0.014399906525477343
0.5	0.014400067004109368
0.5	0.0142808006961806
0.5	0.4257905789364426
0.5	0.42579130468875087
0.5	0.014274673009145793
0.5	0.01440210440378896
0.5	0.01433946991453594
0.5	0.014238943871515478
0.5	0.4257911447727399
0.5	0.014399653321806658
0.5	0.014400332091798572
0.5	0.014399742501263024
0.5	0.014401340038529026
0.5	0.01425075559562598
0.5	0.42578765510166716
0.5	0.014280516530907573
0.5	0.014239975094004487
0.5	0.014257565073275164
0.5	0.014400351511279521
0.5	0.014278914945776738
0.5	0.01426122686320579
0.5	0.01440206909780629
0.5	0.01440221494666179
0.5	0.4257859418782784
0.5	0.01439970531447572
0.5	0.014399966769499744
0.5	0.014401912013362217
0.5	0.4257928252922162
0.6	0.42579142066071274
0.6	0.4257910579006955
0.6	0.2706015518333623
0.6	0.014399732470006395
0.6	0.01445402525484715
0.6	0.01440143471535032
0.6	0.014400071697592432
0.6	0.014399938807567956
0.6	0.014399498086372725
0.6	0.014249793883757215
0.6	0.01425977001049022
0.6	0.4257912009505107
0.6	0.014279842088458188
0.6	0.014401971126324442
0.6	0.01424182111436934
0.6	0.01427756554857275
0.6	0.014243150607541756
0.6	0.014277417542786257
0.6	0.014401815119691002
0.6	0.014254897509543327
0.6	0.014244813748169466
0.6	0.014240747556068682
0.6	0.014257484200509448
0.6	0.014401907994805362
0.6	0.4257911984982806
0.6	0.014399937062734776
0.6	0.42579152258384245
0.6	0.014338651909209528
0.6	0.42578970467178057
0.6	0.014399786192363505
0.6	0.0142799569369417
0.6	0.014400052742910967
0.6	0.014276269411734809
0.6	0.014399806403576632
0.6	0.014248821387219843
0.6	0.014399877283002726
0.6	0.014280327288831517
0.6	0.4257933898697889
0.6	0.014261562700012694
0.6	0.01424677427162022
0.6	0.014402216201633088
0.6	0.014401716659127537
0.6	0.014399974522584156
0.6	0.014273005231613326
0.6	0.014249289555151355
0.6	0.014402033062712028
0.6	0.01427843892881939
0.6	0.014278862165225703
0.6	0.014399842264311203
0.6	0.014280618967210057
0.6	0.014401620402178725
0.6	0.4257787764597871
0.6	0.4257856389928331
0.6	0.014246624984248153
0.6	0.4257883497277653
0.6	0.014248599468209059
0.6	0.014247890858231688
0.6	0.014399716078371493
0.6	0.01424260951589003
0.6	0.014398654756077604
0.6	0.42579088816292693
0.6	0.4257912092053673
0.6	0.014400710691655981
0.6	0.01440003169411545
0.6	0.014400427398144051
0.6	0.014399177219487962
0.6	0.014279633341631397
0.6	0.014401759254913675
0.6	0.014245459080147233
0.6	0.4257909652731288
0.6	0.014399566796573152
0.6	0.014241441744077384
0.6	0.4257912103809731
0.6	0.4257914289405317
0.6	0.014402107717556975
0.6	0.014248477126107741
0.6	0.014246897967690441
0.6	0.01424866545653148
0.6	0.014399813689245958
0.6	0.014399593240821603
0.6	0.014250744542336075
0.6	0.4257913762847556
0.6	0.014278050222385694
0.6	0.014400477416152479
0.6	0.01425124531291898
0.6	0.014241885617518001
0.6	0.014400392451758118
0.6	0.014279857199387794
0.6	0.014245417727822072
0.6	0.014401931782852434
0.6	0.42579094549943475
0.6	0.014400047812416647
0.6	0.42578750111257824
0.6	0.014401812294802788
0.6	0.014399896298542297
0.6	0.014399983581985678
0.6	0.01426798327838795
0.6	0.014400614572766833
0.6	0.01440207761985623
0.6	0.01440219854741553
0.7000000000000001	0.4257916562902993
0.7000000000000001	0.4257911152713376
0.7000000000000001	0.014399421107915047
0.7000000000000001	0.014397969505681668
0.7000000000000001	0.014400151076457915
0.7000000000000001	0.014400127426389764
0.7000000000000001	0.014455762313558197
0.7000000000000001	0.014399650946643925
0.7000000000000001	0.014241111063459504
0.7000000000000001	0.014399551718255882
0.7000000000000001	0.014399789191896066
0.7000000000000001	0.014400214715726358
0.7000000000000001	0.014400591017409372
0.7000000000000001	0.014250642288520014
0.7000000000000001	0.42579107765464047
0.7000000000000001	0.014401001543940181
0.7000000000000001	0.42579073204700657
0.7000000000000001	0.014280285338712024
0.7000000000000001	0.014249210437042522
0.7000000000000001	0.014244406401425979
0.7000000000000001	0.014263538611742373
0.7000000000000001	0.42578451454188043
0.7000000000000001	0.014400749406152163
0.7000000000000001	0.014399958080836663
0.7000000000000001	0.425791261466932
0.7000000000000001	0.014400265356594957
0.7000000000000001	0.014400033413418915
0.7000000000000001	0.014250861543073276
0.7000000000000001	0.014243368429545556
0.7000000000000001	0.014344601128341735
0.7000000000000001	0.014401370618885828
0.7000000000000001	0.014249229904110363
0.7000000000000001	0.014276326292930384
0.7000000000000001	0.01424427565698166
0.7000000000000001	0.014269729498723054
0.7000000000000001	0.014401330092534241
0.7000000000000001	0.014344217405166322
0.7000000000000001	0.014340654429156562
0.7000000000000001	0.014248016626219004
0.7000000000000001	0.014247179559867434
0.7000000000000001	0.4257884666425283
0.7000000000000001	0.014402117850942935
0.7000000000000001	0.014400103438001133
0.7000000000000001	0.014241120009502615
0.7000000000000001	0.014399873969824522
0.7000000000000001	0.01424615575007664
0.7000000000000001	0.014401561834426028
0.7000000000000001	0.014399484270972044
0.7000000000000001	0.01439991811067058
0.7000000000000001	0.4257912251611656
0.7000000000000001	0.4257914861142699
0.7000000000000001	0.42578995179825313
0.7000000000000001	0.014261212384967392
0.7000000000000001	0.014251195376785843
0.7000000000000001	0.425790916706196
0.7000000000000001	0.014401715433595691
0.7000000000000001	0.014397963296972908
0.7000000000000001	0.014399829274592806
0.7000000000000001	0.4257870349734159
0.7000000000000001	0.014399522775218969
0.7000000000000001	0.014264532270922182
0.7000000000000001	0.014265698992822123
0.7000000000000001	0.014241958960014213
0.7000000000000001	0.014399445248572297
0.7000000000000001	0.42579129459620396
0.7000000000000001	0.014248447041752849
0.7000000000000001	0.014401830211837016
0.7000000000000001	0.014399974468682991
0.7000000000000001	0.014249817093358333
0.7000000000000001	0.014280020354071152
0.7000000000000001	0.014400553752015873
0.7000000000000001	0.014343621090479283
0.7000000000000001	0.4257913214251193
0.7000000000000001	0.014400553538683804
0.7000000000000001	0.4257910187706114
0.7000000000000001	0.42579034986217607
0.7000000000000001	0.014240229427851896
0.7000000000000001	0.01439974572065448
0.7000000000000001	0.014400795974696325
0.7000000000000001	0.014400126067560906
0.7000000000000001	0.014244015090349012
0.7000000000000001	0.014400728887392937
0.7000000000000001	0.014401923429259698
0.7000000000000001	0.014400373232068135
0.7000000000000001	0.014399637181191721
0.7000000000000001	0.014399036284982136
0.7000000000000001	0.014402300356693461
0.7000000000000001	0.014247008326810634
0.7000000000000001	0.014279595864383255
0.7000000000000001	0.014401836470056335
0.7000000000000001	0.01445610895055142
0.7000000000000001	0.014401570106589798
0.7000000000000001	0.014247731254129398
0.7000000000000001	0.014248615046485566
0.7000000000000001	0.014244437248977998
0.7000000000000001	0.014245868868896241
0.7000000000000001	0.014400312644044788
0.7000000000000001	0.014399500839299164
0.7000000000000001	0.01433728451524133
0.7000000000000001	0.4257892774458969
0.8	0.014400663741611313
0.8	0.014400006353400756
0.8	0.4257883602209797
0.8	0.014400449052598312
0.8	0.014280232887414868
0.8	0.014400120941896891
0.8	0.42576252056053343
0.8	0.014399613178549028
0.8	0.01440056939578666
0.8	0.014402231075607775
0.8	0.01439987110235769
0.8	0.014399676901640002
0.8	0.014400246466937805
0.8	0.014399874503266364
0.8	0.014402390755258763
0.8	0.01424974165315689
0.8	0.014276526747778422
0.8	0.014401899883618407
0.8	0.01440004299677127
0.8	0.014272798822246089
0.8	0.01433814695805382
0.8	0.014400173188908658
0.8	0.014399253707398372
0.8	0.014245952754047882
0.8	0.014400282928536047
0.8	0.014247967131489611
0.8	0.014246180925433456
0.8	0.014245854392046795
0.8	0.014399958361948632
0.8	0.014456610041834052
0.8	0.4257913291704598
0.8	0.014399926138695568
0.8	0.014249029026756467
0.8	0.42579116092690433
0.8	0.014267591099362284
0.8	0.014402117793444729
0.8	0.014242425609418508
0.8	0.014244864057026902
0.8	0.0144564715722807
0.8	0.014401916084942719
0.8	0.01424866116677324
0.8	0.014402372877678066
0.8	0.425790471738659
0.8	0.014280987870488501
0.8	0.0142758458986768
0.8	0.4257910886846038
0.8	0.014399474791443163
0.8	0.014280992326874896
0.8	0.014246166422671055
0.8	0.014344935325315842
0.8	0.4257913885834196
0.8	0.014398655743286269
0.8	0.014399692381485401
0.8	0.014399883321868031
0.8	0.014246298672428343
0.8	0.014273220983561177
0.8	0.014401100616045236
0.8	0.4257913155615237
0.8	0.4257908953141648
0.8	0.01424041185296313
0.8	0.4257914956745285
0.8	0.014247388177033724
0.8	0.014400161994113458
0.8	0.4257913959116931
0.8	0.014401905192186433
0.8	0.01439969145169785
0.8	0.014258217971033438
0.8	0.01440026080888943
0.8	0.0142502855935101
0.8	0.01425956494414221
0.8	0.014399619540450333
0.8	0.014243613220263646
0.8	0.014400588297065637
0.8	0.014402194499693077
0.8	0.014245729329141772
0.8	0.014402229686950268
0.8	0.0142396177367645
0.8	0.014400500136715864
0.8	0.014246114621511336
0.8	0.42579056111150027
0.8	0.014456813322883667
0.8	0.014276693993048246
0.8	0.014242431104275971
0.8	0.014280255180578526
0.8	0.014400160899750578
0.8	0.01445647710941291
0.8	0.014274777685485485
0.8	0.014343577474412342
0.8	0.014402160361418916
0.8	0.0144014260960232
0.8	0.014401147006468766
0.8	0.014250297345029724
0.8	0.014244732695246173
0.8	0.014243903060539983
0.8	0.014279736967403162
0.8	0.014399634557415794
0.8	0.014244167266978077
0.8	0.014246772476429715
0.8	0.014400043111935986
0.8	0.014245465726579259
0.9	0.42579129055633474
0.9	0.014399703601504386
0.9	0.4257914952942173
0.9	0.01440253339481252
0.9	0.014240148193586533
0.9	0.4257915116336434
0.9	0.014270731358105125
0.9	0.01440244413450514
0.9	0.014401358800616867
0.9	0.014400221005209624
0.9	0.014243825237842258
0.9	0.014252235838354955
0.9	0.014246546571277587
0.9	0.014247365163530356
0.9	0.014338322157324966
0.9	0.014402117434561884
0.9	0.01440193549651729
0.9	0.4257910010615246
0.9	0.01424622294035012
0.9	0.014250775829099739
0.9	0.425782191956429
0.9	0.01439872693360122
0.9	0.014243982650761187
0.9	0.4257911484334834
0.9	0.42579112635381416
0.9	0.014279371422993934
0.9	0.01439975118100537
0.9	0.014400123831672162
0.9	0.014400989920323464
0.9	0.014402260951520982
0.9	0.01426031862108429
0.9	0.014400544650174704
0.9	0.014271550816870782
0.9	0.01427593019135663
0.9	0.01434727562434569
0.9	0.014248106778286453
0.9	0.014246293523720945
0.9	0.014278897671278871
0.9	0.014454554024075725
0.9	0.014244203454189107
0.9	0.01440178000228886
0.9	0.014400137196134552
0.9	0.014273978488720302
0.9	0.014399796284064207
0.9	0.014399664048040967
0.9	0.014257859835234686
0.9	0.42577625226291754
0.9	0.0143997460937467
0.9	0.014243173782484193
0.9	0.4257911406275818
0.9	0.014399169585490616
0.9	0.4257899221642368
0.9	0.014397900691000281
0.9	0.01440093692304555
0.9	0.014400175668640314
0.9	0.014400177486821276
0.9	0.014399803200309817
0.9	0.014399864426765871
0.9	0.014264572366075295
0.9	0.014400054766168492
0.9	0.014342790195835634
0.9	0.014399983659980704
0.9	0.0142468707167416
0.9	0.014399847929252623
0.9	0.014402410037090158
0.9	0.014280202741955888
0.9	0.014400561585259326
0.9	0.014260315975047358
0.9	0.014246909081280307
0.9	0.014243294372451669
0.9	0.01424471270917713
0.9	0.0144001479220636
0.9	0.014239558373658567
0.9	0.014248557525055433
0.9	0.4257916265450591
0.9	0.014401207602430225
0.9	0.014275181772216044
0.9	0.014402036600537132
0.9	0.42579072965190506
0.9	0.014243107725315923
0.9	0.014244629674889332
0.9	0.014401028664237201
0.9	0.014399952156570212
0.9	0.01440023750207022
0.9	0.01440089226002298
0.9	0.4257908576043318
0.9	0.014402241045015361
0.9	0.4257911855420385
0.9	0.014249659673827722
0.9	0.014276812456800606
0.9	0.01440140358523344
0.9	0.4257880502914031
0.9	0.01439955659956181
0.9	0.014399918737462662
0.9	0.014400815408521069
0.9	0.01424276247188421
0.9	0.01440000228870271
0.9	0.0143998869938858
0.9	0.01427957096932864
0.9	0.01427791812778877
1.0	0.014400507377817007
1.0	0.01440054998905468
1.0	0.014339177455631714
1.0	0.014401399317009796
1.0	0.4257912336641975
1.0	0.014343826140731113
1.0	0.014399855725439732
1.0	0.4257911049297147
1.0	0.4257910810905833
1.0	0.01439957675477475
1.0	0.014456543726394018
1.0	0.014275142709038853
1.0	0.014399824922281548
1.0	0.4258006144741288
1.0	0.014250177158074235
1.0	0.01433881717997411
1.0	0.014263647428524689
1.0	0.014400178094437903
1.0	0.014402359019207039
1.0	0.014247702757758824
1.0	0.4257905579606211
1.0	0.014399617379674748
1.0	0.014401070567728042
1.0	0.014267667903425438
1.0	0.014247595506549816
1.0	0.014400035371685901
1.0	0.4257852237006064
1.0	0.014246050923633118
1.0	0.014402293229366278
1.0	0.014399553091526168
1.0	0.014247604281157166
1.0	0.014399888205172136
1.0	0.01440205453711158
1.0	0.014402421403950887
1.0	0.014399247588262184
1.0	0.014279935177539725
1.0	0.425785593229097
1.0	0.014401215622640346
1.0	0.42579125029849857
1.0	0.014279557362092668
1.0	0.014399618015384441
1.0	0.4257910411691769
1.0	0.014277955980990307
1.0	0.01427928396303898
1.0	0.42579152033823936
1.0	0.014398384333902666
1.0	0.014399982889990151
1.0	0.42578257550108267
1.0	0.014400491432957581
1.0	0.014241542492278788
1.0	0.4257950871660181
1.0	0.014247347917925968
1.0	0.014259190119810231
1.0	0.01428068546611941
1.0	0.014275062774232588
1.0	0.014400196832804114
1.0	0.42579475462916017
1.0	0.014400227495259649
1.0	0.014400541791980357
1.0	0.014400205172318652
1.0	0.014337779139848477
1.0	0.014399404728194395
1.0	0.42579041122939987
1.0	0.014402148146879056
1.0	0.01440034420726305
1.0	0.425791086454233
1.0	0.014339027083904473
1.0	0.014244956236944549
1.0	0.014244553245020733
1.0	0.014455720922789066
1.0	0.42578685248863235
1.0	0.01433837461781241
1.0	0.42579172061093384
1.0	0.0144025174106578
1.0	0.42579113441719296
1.0	0.014250990184307937
1.0	0.4257915064939387
1.0	0.014244067246701856
1.0	0.014242795508226828
1.0	0.014276014410843014
1.0	0.014400042337163672
1.0	0.014402024017853517
1.0	0.014400713995652006
1.0	0.014399772146657582
1.0	0.4257917262665407
1.0	0.4257911869517993
1.0	0.014344656203553043
1.0	0.014402494652664449
1.0	0.014400074231433824
1.0	0.014456060594143514
1.0	0.014242216536502515
1.0	0.014400215720725928
1.0	0.01440004078320471
1.0	0.01426339796208538
1.0	0.014335495586660004
1.0	0.014400137979085487
1.0	0.014275030754920768
1.0	0.01427701197648355
1.0	0.014280372677725308
1.0	0.01424816665335514
